685
775
224
440
189
425
403
778
686
736
268
86
754
624
963
949
906
473
908
860
411
592
463
170
657
184
561
155
510
37
812
180
678
908
638
575
624
644
868
494
952
637
578
835
98
232
663
905
340
683
670
697
930
465
242
760
824
362
618
631
373
612
704
956
520
560
901
83
579
628
962
556
390
976
600
213
423
72
582
722
315
461
237
846
418
787
857
716
985
108
728
41
683
872
940
852
358
920
16
483
117
85
132
860
111
162
859
11
938
40
92
302
547
678
179
576
680
27
99
920
455
882
826
858
913
914
588
847
14
363
835
442
145
107
996
138
303
2
417
656
26
482
949
364
356
560
352
331
40
275
51
661
561
671
614
84
199
663
941
997
386
760
543
249
404
625
791
810
348
815
148
661
876
15
300
431
804
589
227
787
470
715
917
387
624
638
635
191
166
835
642
219
919
768
510
944
389
890
376
821
869
947
725
432
369
576
957
975
107
48
187
950
417
25
493
55
829
51
691
565
738
133
596
327
209
419
469
251
696
357
606
354
527
76
108
118
97
996
533
745
726
141
94
826
13
33
726
784
12
585
876
598
935
300
770
29
978
514
166
899
682
811
703
666
204
963
371
240
545
597
85
739
315
199
352
16
926
303
250
670
255
421
646
150
818
300
463
367
262
857
942
874
548
939
174
73
399
777
446
145
267
852
362
497
18
983
333
74
165
318
670
112
660
427
119
740
985
784
795
37
11
846
797
356
532
431
502
460
247
670
257
738
255
830
937
965
664
922
432
777
764
533
758
219
8
131
896
803
801
83
491
950
534
873
320
258
18
566
774
829
553
878
435
946
456
