505
856
820
233
734
340
418
904
595
18
264
958
45
38
678
670
797
936
560
554
729
575
275
43
106
259
917
998
202
962
783
813
911
421
823
704
367
596
884
588
79
72
451
590
629
886
157
552
452
220
905
100
574
325
640
485
692
993
129
310
734
798
25
588
70
371
708
562
879
168
750
202
746
636
418
672
286
370
219
254
160
297
491
699
17
389
617
762
126
604
655
193
899
158
949
907
649
652
42
317
323
847
645
69
600
806
16
523
573
909
377
378
245
326
49
36
946
815
488
856
858
602
285
789
127
68
502
287
175
736
43
473
524
14
307
281
935
391
4
556
107
259
612
55
662
331
465
326
188
562
665
96
606
163
472
12
482
361
207
863
368
765
849
942
618
267
457
323
981
777
163
914
649
297
198
563
590
521
205
658
588
20
124
359
188
187
452
178
983
467
706
101
954
950
449
29
321
321
37
918
281
292
290
777
404
88
111
526
958
262
874
392
908
43
791
889
880
886
368
267
966
773
237
627
447
578
334
820
907
850
139
890
862
101
154
980
645
554
687
817
9
800
814
694
11
625
338
479
604
476
776
671
826
652
726
383
239
304
281
119
532
959
771
209
34
359
830
813
195
45
287
45
151
737
609
946
75
332
283
962
541
708
142
30
695
47
464
372
699
374
66
745
951
771
929
489
912
797
310
741
787
89
114
289
136
696
893
466
946
132
636
497
692
88
879
213
307
690
974
424
467
108
798
350
187
964
327
229
1
900
414
158
762
849
711
324
671
587
323
799
479
623
791
900
494
803
917
158
108
654
335
402
203
281
10
963
921
810
533
252
593
759
222
714
584
